04/08/2023 08:06 V=01
7025|MYSTERY MULTIPLIER|1000000|3|10|10|false|false|20220523|3.31||||1000000|2051370|10|3||||100000|1025685|20|8||||10000|45586|450|169||||5000|41027|500|201||||1000|8205|2500|1004||||500|393|52120|20310||||100|212|96920|38111||||60|400|51300|19793||||50|218|94098|36729||||30|253|81057|32297||||20|10|2051357|819208||||15|11|1880371|753436||||10|11|1880500|756227||||
7023|BIG OL&#39; BENS|500000|1|6|5|false|false|20220411|3.9||||500000|3181210|6|1||||10000|3181210|6|0||||5000|2120807|9|1||||1000|615718|31|5||||500|11429|1686|221||||200|2667|7178|851||||100|632|30221|3368||||50|261|73083|8983||||40|527|36203|4551||||30|146|130313|17183||||25|118|161964|20911||||20|34|556708|79224||||15|27|715741|100577||||10|12|1590640|241274||||5|12|1590724|303191||||
7022|TRIPLE PLAY|50000|2|6|2|false|false|20220411|3.89||||50000|3058000|6|2||||15000|3669600|5|0||||1000|1411385|13|2||||500|2951|6226|1790||||100|1488|12335|3248||||50|679|26957|5621||||30|822|22367|4732||||20|120|152862|32510||||15|150|122342|26585||||10|86|214093|57575||||5|16|1131405|273835||||2|6|3027532|779437||||
7021|BONUS CASH|50000|4|10|2|false|false|20220228|4.37||||50000|2785530|10|4||||10000|1160638|24|11||||1000|79587|350|169||||500|21899|1272|634||||100|447|62299|30962||||50|418|66726|33384||||30|257|108385|54192||||20|150|185702|94392||||15|150|185702|93307||||10|150|185702|93546||||5|50|557106|289084||||4|19|1485616|775166||||2|8|3528338|1864265||||
7020|50X THE CASH|1000000|2|12|5|false|false|20220117|3.899||||1000000|5288340|12|2||||100000|4230672|15|4||||10000|1269202|50|13||||5000|423067|150|51||||1000|528834|120|35||||500|8000|7923|2353||||250|3429|18518|5550||||150|1143|55505|16695||||100|686|92534|26869||||50|480|132256|38326||||40|615|103007|29860||||30|160|396740|115262||||25|96|661005|192482||||20|40|1586535|465076||||15|20|3173004|938904||||10|20|3173004|954142||||5|9|6874743|2178713||||
5051|$100,000 MONEY MULTIPLIER|100000|8|12|2|false|false|20230227|4.45||||100000|1246662|12|8||||1000|71923|208|123||||500|45749|327|169||||100|1204|12426|6779||||50|261|57374|31176||||20|150|99733|55008||||10|50|299206|167094||||5|75|199466|111669||||4|12|1196788|676815||||2|10|1495976|860634||||
5050|CA$H ON THE SPOT|5000|9|12|1|false|false|20230227|4.73||||5000|1284100|12|9||||200|23927|644|450||||100|4370|3526|2461||||50|3414|4514|3201||||40|3192|4828|3389||||25|1710|9011|6406||||20|300|51364|36341||||10|100|154028|110178||||5|75|205440|146907||||4|50|308395|222515||||2|15|1027247|749728||||1|10|1489549|1095069||||
5049|DIAMOND MINE 20X|1000000|3|4|10|false|false|20221205|3.32||||1000000|5497545|4|3||||100000|1832515|12|6||||10000|366503|60|29||||5000|119512|184|86||||1000|6012|3658|1795||||500|1504|14624|6666||||250|1500|14663|6692||||100|60|366503|167519||||50|120|183212|84492||||40|120|183291|84176||||30|60|366503|167948||||20|9|2565349|1240368||||10|8|2932368|1358418||||
5048|FLORIDA 300X THE CASH|15000000|3|4|30|false|false|20220919|2.93||||15000000|11701050|4|3||||1000000|1950175|24|16||||100000|468042|100|74||||20000|354577|132|99||||10000|156014|300|230||||5000|12069|3878|2882||||1000|500|93670|70024||||500|240|195140|143351||||200|120|389787|286562||||100|30|1560140|1146120||||50|6|7488631|5493995||||30|8|6240221|4591043||||
5047|FLORIDA 100X THE CASH|2000000|6|8|10|false|false|20221031|3.43||||2000000|4589475|8|6||||100000|1835790|20|13||||10000|359959|102|65||||5000|30095|1220|738||||1000|3740|9816|6104||||500|2405|15268|9204||||250|2403|15282|9199||||100|75|489623|296706||||50|60|611930|374055||||25|30|1223860|739864||||20|9|4038833|2454097||||10|9|4283296|2621287||||
5046|FLORIDA 50X THE CASH|1000000|2|4|5|false|false|20221031|3.78||||1000000|7489170|4|2||||50000|1497834|20|8||||5000|299567|100|33||||1000|14934|2006|747||||500|2002|14963|5036||||200|1200|24973|8342||||100|300|99918|35427||||50|150|199771|76833||||20|50|599124|211422||||10|8|3994122|1436142||||5|10|2995876|1157290||||
5045|FLORIDA 20X THE CASH|100000|9|12|2|false|false|20221031|4.69||||100000|3041200|12|9||||1000|25773|1416|742||||500|22611|1614|817||||100|600|60782|30689||||50|200|182498|94846||||20|150|243296|124509||||10|50|729664|379932||||5|75|486592|256244||||4|14|2676782|1426389||||2|11|3406066|1865330||||
5044|FLORIDA 10X THE CASH|10000|6|12|1|false|false|20221031|4.72||||10000|3362650|12|6||||200|24119|1673|927||||100|4366|9243|5284||||50|2997|13465|7626||||40|2396|16842|9540||||25|1201|33591|19700||||20|300|134506|78200||||10|100|403373|240529||||5|75|537793|316695||||4|50|807644|487645||||2|15|2690337|1661542||||1|10|3900435|2410878||||
5043|5X LUCKY|50000|3|8|2|false|false|20220815|4.36||||50000|1801762|8|3||||10000|1201175|12|5||||1000|30029|480|66||||200|3589|4016|468||||100|898|16050|2111||||40|752|19170|2433||||30|300|48016|6488||||25|300|48083|6545||||20|150|96026|13145||||10|50|288436|40591||||5|75|192188|28376||||4|12|1153142|173307||||2|10|1441292|253858||||
5033|THE CASH WHEEL|150000|2|6|3|false|false|20220523|4.5||||150000|3405267|6|2||||3000|408632|50|6||||500|30404|672|72||||150|1199|17038|1822||||100|500|40882|4551||||50|500|40904|4556||||30|300|68102|7887||||20|100|204316|24112||||15|100|204243|24417||||12|100|204431|25101||||10|50|408632|47874||||8|50|408799|52016||||6|50|408362|54126||||5|23|898843|120112||||4|12|1634712|225761||||
5032|TRIPLE TRIPLER|5000|13|36|1|false|false|20220523|4.81||||5000|501042|36|13||||900|120250|150|45||||450|121057|149|43||||300|120250|150|58||||270|80167|225|65||||180|81618|221|61||||150|48229|374|121||||100|23828|757|222||||90|12089|1492|443||||60|8096|2228|692||||50|6002|3005|917||||45|4002|4507|1360||||30|1999|9022|2721||||20|749|24086|7588||||18|500|36039|11013||||15|300|60125|18356||||10|300|60125|18752||||9|300|60125|18843||||6|300|60125|18976||||5|300|60125|18745||||3|21|841760|271751||||2|21|841764|276070||||1|11|1683397|572588||||
5031|$500 WILD CASH BONANZA|500|29115|82699|10|false|false|20220411|3.46||||500|352|82699|29115||||250|2408|12079|4265||||150|1202|24201|8576||||100|120|242397|86080||||50|120|242444|86051||||40|120|242367|86198||||30|60|484811|171913||||25|60|484811|172201||||20|15|1939280|699429||||15|12|2424166|876616||||10|13|2229925|812615||||
5030|$50 EXPLOSION|50|3927|20994|1|false|false|20220411|4.71||||50|858|20994|3927||||40|2395|7516|1408||||25|1496|12039|2297||||20|300|60015|11451||||10|100|180045|35133||||5|100|180045|36580||||4|50|360090|74916||||2|14|1320316|291920||||1|11|1680420|405968||||
5029|500X THE CASH|25000000|1|2|50|false|true|20220228|4.5||||25000000|21419145|2|1||||1000000|267739|160|24||||50000|142794|300|45||||20000|19953|2147|341||||10000|20037|2138|348||||5000|5014|8544|1406||||1000|1000|42856|7772||||500|48|888924|139441||||100|5|8568184|1309193||||
5028|100X THE CASH|2000000|2|8|10|false|false|20220117|3.44||||2000000|5758778|8|2||||100000|2303511|20|5||||10000|456141|101|28||||5000|29955|1538|334||||1000|2988|15421|4326||||500|3002|15346|4010||||250|2401|19184|5032||||150|1198|38457|9152||||100|80|575822|142254||||50|120|383992|78952||||40|120|383845|78477||||30|60|767837|156957||||25|60|767837|158995||||20|15|3071448|652862||||15|12|3839105|819395||||10|13|3531991|773093||||
5027|20X THE CASH|100000|8|20|2|false|true|20220117|4.69||||100000|3391245|20|8||||1000|25789|2630|1387||||400|14890|4555|2433||||100|601|112850|59789||||50|200|339230|178484||||20|150|452166|235426||||10|50|1356371|688590||||5|75|904332|461629||||4|14|4974128|2564728||||2|11|6330530|3347161||||
5026|DOUBLE YOUR MONEY|500000|0|6|5|false|false|20220228|5.67||||500000|3773480|6|0||||10000|1886740|12|1||||1000|14779|1532|166||||500|3011|7520|699||||100|400|56634|5366||||50|60|377348|36911||||20|20|1132124|115742||||10|9|2414877|296440||||
5025|$1,000,000 HOLIDAY WINNINGS|1000000|2|6|5|false|false|20211101|3.81||||1000000|3598450|6|2||||5000|179922|120|29||||2000|17135|1260|314||||500|2716|7950|2006||||200|1989|10855|2736||||100|301|71742|17722||||50|400|53990|13622||||40|399|54110|14333||||30|300|72041|19179||||20|60|359845|95842||||10|8|2878760|799046||||5|10|2159159|694363||||
5024|$50,000 HOLIDAY WINNINGS|50000|5|12|2|false|false|20211101|4.36||||50000|2206638|12|5||||2000|165498|160|72||||1000|29422|900|416||||400|9940|2664|1195||||100|904|29306|13414||||40|600|44139|20715||||30|300|88291|41405||||25|300|88275|40908||||20|150|176531|81552||||10|50|529593|247431||||5|75|353062|170360||||4|12|2118294|1016135||||2|10|2647925|1339931||||
5023|$10,000 HOLIDAY WINNINGS|10000|13|24|1|false|true|20211101|4.72||||10000|1442719|24|13||||200|24197|1434|773||||100|4796|7198|3819||||50|3005|11487|6179||||40|2395|14410|7824||||25|1510|22936|12496||||20|300|115060|63342||||10|100|345253|191485||||5|75|460243|257053||||4|50|690133|392101||||2|15|2301250|1331277||||1|10|3336841|1977545||||
5022|3 TIMES LUCKY|3000|7|30|1|false|false|20210816|4.72||||3000|606750|30|7||||500|118198|154|40||||200|26342|691|141||||100|7970|2284|512||||75|8058|2259|502||||50|2994|6080|1361||||40|2420|7523|1651||||25|1495|12174|2644||||20|300|60725|13611||||10|100|181847|41374||||5|100|182181|42846||||4|50|364143|87014||||2|14|1334664|331910||||1|11|1698900|446008||||
5021|JEWEL 7s DOUBLER|50000|3|12|2|false|false|20210517|4.355||||50000|1988075|12|3||||10000|994038|24|7||||1000|29673|804|240||||400|10117|2358|715||||100|898|26569|8040||||40|600|39783|12069||||30|300|79592|23863||||25|300|79528|23881||||20|150|159046|48432||||10|50|477138|145616||||5|75|318092|98797||||4|12|1908552|607552||||2|10|2385852|781575||||
5018|FULL OF $200s|30000|1|12|2|false|false|20200817|4.36||||30000|2027212|12|1||||10000|1520409|16|2||||1000|30257|804|75||||200|3598|6762|476||||100|809|30077|2154||||40|749|32469|2214||||30|300|81041|5951||||25|300|81136|5938||||20|150|162235|11605||||10|50|486415|36180||||5|75|324354|26117||||4|12|1946017|166674||||2|10|2432728|274217||||
5014|JOKER&#39S WILD|30000|4|16|2|false|false|20180806|4.35||||30000|1536131|16|4||||10000|2048175|12|4||||1000|30570|804|214||||400|9033|2721|674||||100|856|28709|7198||||40|800|30719|7684||||30|288|85476|21111||||25|259|94852|23519||||20|150|163854|40991||||10|50|491562|124120||||5|75|327708|84260||||4|12|1966248|513907||||2|10|2457810|680970||||
1529|$1M YR/LIFE SPEC|1000000|2|2|50|true|false|20230227|4.5||||1000000|21727995|2|2||||1000000|185709|234|217||||50000|120711|360|332||||20000|20091|2163|1990||||10000|20035|2169|1992||||5000|5006|8681|8034||||1000|999|43498|40659||||500|48|902260|829331||||100|5|8691516|7960370||||
1528|$10 GOLD RUSH DOUBLER|2000000|6|8|10|false|false|20230116|3.45||||2000000|4555185|8|6||||100000|506132|72|52||||5000|20045|1818|1299||||1000|4007|9095|6672||||500|5000|7290|5138||||250|3440|10592|7422||||150|2138|17043|11941||||100|67|543934|381330||||50|150|242881|170188||||40|133|273137|191335||||30|75|485884|340899||||25|80|455283|319634||||20|15|2429665|1706045||||15|12|3036641|2139744||||10|12|3036466|2151186||||
1527|$5 GOLD RUSH DOUBLER|1000000|21|28|5|false|false|20230116|3.98||||1000000|2010516|28|21||||10000|120287|468|357||||2000|24037|2342|1755||||1000|14956|3764|2906||||400|3004|18742|13834||||150|1239|45452|33684||||100|348|161963|119563||||50|705|79804|59085||||40|160|352820|262000||||25|160|352062|260437||||20|60|938241|695619||||10|10|5629446|4191098||||5|9|6567817|4954049||||
1526|$2 GOLD RUSH DOUBLER|100000|25|36|2|false|false|20230116|4.69||||100000|1404021|36|25||||1000|25814|1958|1502||||400|29997|1685|1273||||100|811|62307|46958||||50|189|266839|199855||||20|150|336965|255657||||10|50|1010895|764389||||5|75|673930|512086||||4|14|3706615|2831922||||2|11|4717362|3637754||||
1525|$1 GOLD RUSH DOUBLER|10000|50|72|1|false|false|20230116|4.88||||10000|508342|72|50||||200|10900|3358|2405||||100|3623|10101|7271||||40|1499|24417|17545||||30|1538|23798|16846||||20|300|122002|88321||||10|100|366063|267012||||5|150|243947|176019||||4|50|731972|535406||||2|14|2562141|1894405||||1|11|3415863|2538811||||
1524|LUCKY NUMBERS|500000|8|16|5|false|false|20221205|3.98||||500000|1398529|16|8||||10000|123627|181|84||||5000|24087|929|441||||1000|17346|1290|612||||500|8590|2605|1179||||100|286|78309|35898||||50|572|39152|17894||||40|160|139959|64459||||25|160|139953|64402||||20|60|372941|172349||||10|10|2237499|1044070||||5|9|2610769|1256240||||
1523|2023 CASH BLAST|50000|11|20|2|false|false|20221205|4.4||||50000|702285|20|11||||2000|175571|80|26||||1000|29323|479|158||||200|5959|2357|665||||100|789|17798|5001||||50|400|35117|9786||||25|300|46893|13164||||20|150|93638|26177||||10|50|280844|80538||||5|75|187244|54963||||4|14|1030153|308321||||2|9|1498161|467096||||
1522|WHOLE LOTTA $500S|500000|2|8|5|false|false|20220919|4.08||||500000|2794785|8|2||||10000|798510|28|6||||1000|13428|1665|377||||500|637|35086|7113||||150|6007|3722|756||||100|544|41080|8467||||50|752|29748|6170||||40|250|89506|18452||||25|160|139754|29224||||20|60|372638|78281||||10|10|2161509|463656||||5|9|2608094|623515||||
1521|CASH ERUPTION|500000|5|12|5|false|false|20220815|4.07||||500000|1894295|12|5||||10000|125589|181|62||||2000|30188|753|279||||1000|7976|2850|1028||||400|2607|8719|3014||||150|1762|12899|4505||||100|245|92758|32348||||50|961|23660|8303||||40|282|80526|28027||||25|171|132647|46885||||20|50|454670|159650||||10|9|2500445|898465||||5|10|2272969|831359||||
1520|$50,000 DIAMOND MINE|50000|0|12|2|false|false|20220919|4.39||||50000|1172438|12|0||||2000|171576|82|14||||1000|35800|393|55||||200|3107|4528|516||||100|857|16426|2283||||50|414|34025|4187||||25|249|56536|7248||||20|150|93795|17506||||10|50|281385|56772||||5|75|187590|34206||||4|14|1031784|152835||||2|9|1500741|251811||||
1519|3-2-WON|3000|28|120|1|false|false|20220919|4.95||||3000|114828|120|28||||300|6956|1981|390||||100|3655|3770|748||||60|1853|7437|1472||||30|892|15455|3136||||15|375|36715|7980||||10|250|55147|12020||||9|150|91895|20534||||5|150|91881|20873||||3|50|275587|66553||||2|14|964564|236458||||1|11|1239912|326058||||
1518|THE PRICE IS RIGHT|1000000|7|8|5|false|false|20230227|4.0||||1000000|2864910|8|7||||50000|572982|40|33||||10000|254659|90|68||||5000|40637|564|422||||1000|13240|1731|1366||||500|2493|9192|6846||||200|2005|11432|8576||||100|324|70719|52771||||50|280|81712|61162||||30|333|68725|51522||||25|173|132462|99277||||20|60|382043|287249||||10|9|2673799|2022958||||5|10|2292135|1754470||||
1516|BINGO DOUBLER|150000|5|8|3|false|false|20220815|3.96||||150000|3326038|8|5||||25000|1330415|20|13||||10000|739119|36|22||||5000|90198|295|183||||1000|59130|450|253||||500|19991|1331|759||||300|30271|879|479||||250|22549|1180|625||||200|18163|1465|790||||150|17906|1486|838||||100|1335|19935|10923||||75|1798|14799|7970||||50|621|42877|23821||||40|327|81344|44426||||30|250|106482|57722||||25|125|212928|115976||||15|71|372333|200635||||10|100|266083|147222||||8|33|798171|435619||||6|50|532166|298008||||5|25|1064528|600539||||3|8|3192785|1809185||||
1515|$5,000 CROSSWORD|5000|21|64|1|false|false|20220815|4.97||||5000|215583|64|21||||50|724|19063|7186||||10|75|183964|70465||||5|19|735803|292766||||1|8|1839640|829216||||
1514|XTREME CROSSWORD|500000|10|16|5|false|false|20221205|3.99||||500000|2375265|16|10||||10000|215933|176|126||||1000|7055|5387|3985||||500|4992|7613|5477||||200|1198|31721|22809||||100|300|126700|91639||||60|1201|31645|22719||||50|631|60188|43448||||40|799|47552|34127||||30|113|337258|242223||||20|60|633254|457368||||15|60|633494|456659||||10|10|3800572|2768224||||5|10|3799946|2793383||||
1513|$20 MONOPOLY DOUBLER|5000000|4|8|20|false|false|20220704|3.02||||5000000|4186110|8|4||||1000000|2093055|16|9||||100000|1395370|24|13||||20000|59377|564|297||||10000|59272|565|296||||5000|39773|842|456||||1000|2031|16488|8885||||500|999|33536|17351||||200|171|195282|100814||||100|33|1004828|522749||||50|30|1116366|581091||||40|30|1116296|581029||||30|30|1116337|581599||||25|38|893147|466044||||20|6|5581247|2912449||||
1512|$10 MONOPOLY DOUBLER|2000000|3|8|10|false|false|20220704|3.51||||2000000|3050430|8|3||||10000|119625|204|61||||5000|23972|1018|311||||1000|3165|7711|2395||||500|1899|12853|3683||||200|453|53828|15365||||100|90|272590|77896||||50|83|294934|85353||||30|80|305007|88743||||25|80|305201|88546||||20|15|1626896|477733||||15|20|1220172|363306||||10|9|2846244|861279||||
1511|$5 MONOPOLY DOUBLER|1000000|5|12|5|false|false|20220704|3.98||||1000000|3211560|12|5||||5000|40144|960|328||||1000|13400|2876|1019||||500|2499|15424|5159||||200|2354|16372|5545||||100|293|131637|44524||||50|300|128441|43913||||30|218|176758|60104||||25|173|222862|75866||||20|60|642312|220471||||10|9|4496313|1591148||||5|10|3854054|1431153||||
1510|$2 MONOPOLY DOUBLER|100000|1|8|2|false|false|20220704|4.39||||100000|3453506|8|1||||2500|175975|157|43||||1000|35285|783|218||||200|2683|10298|2642||||100|856|32262|8349||||50|414|66811|17493||||25|248|111402|29461||||20|150|184187|49695||||10|50|552561|153587||||5|75|368374|102931||||4|14|2026107|585609||||2|9|2947059|919790||||
1509|$1 MONOPOLY DOUBLER|10000|8|68|1|false|false|20220704|4.92||||10000|272493|68|8||||200|48129|385|47||||100|2651|6989|806||||50|2270|8162|987||||25|930|19927|2594||||20|300|61729|8153||||10|150|123582|18063||||5|125|148226|24167||||4|43|432381|70151||||2|14|1297049|252691||||1|11|1667851|367690||||
1508|$2MM BONUS CASHWORD|2000000|3|8|10|false|false|20220509|3.12||||2000000|3921270|8|3||||100000|1568508|20|8||||10000|40115|782|345||||1000|3085|10170|4706||||500|2999|10461|4586||||200|1200|26140|11403||||100|85|369977|161460||||50|172|182901|80070||||40|131|239144|105214||||30|75|418570|183586||||20|9|3555438|1601737||||10|6|5228309|2398616||||
1507|WILD DOUGH|5000|8|32|1|false|false|20220228|4.57||||5000|611859|32|8||||200|60245|325|102||||100|7807|2508|733||||50|2663|7353|1928||||30|2005|9765|2497||||20|214|91373|24436||||10|100|195687|54142||||5|150|130610|36133||||4|43|456989|131028||||2|14|1435867|429600||||1|10|1958041|592275||||
1506|10X THE CASH|10000|36|104|1|false|false|20220117|4.88||||10000|412791|104|36||||200|34262|1253|477||||100|2661|16134|6120||||40|1619|26513|9787||||30|1520|28236|10982||||20|300|143101|53773||||10|100|429173|168905||||5|150|286187|105160||||4|50|858780|315646||||2|14|3005238|1192015||||1|11|4006945|1600336||||
1505|WIN IT ALL|500000|1|8|5|false|false|20211206|4.07||||500000|2326260|8|1||||10000|118536|157|4||||2000|24106|772|82||||1000|7507|2479|271||||400|2511|7411|472||||150|1646|11303|783||||100|235|79222|5018||||50|1001|18587|667||||40|286|65016|2356||||25|171|108610|4024||||20|50|372268|13353||||10|9|2047114|100203||||5|10|1860799|143582||||
1504|LOTERIA&#153|30000|11|20|2|false|false|20211206|4.63||||30000|3307890|20|11||||10000|2067431|32|12||||400|89766|737|165||||340|91001|727|139||||300|59548|1111|208||||250|59980|1103|214||||225|59281|1116|213||||200|7182|9211|2042||||150|22336|2962|554||||125|7213|9172|1757||||100|891|74276|16632||||70|3595|18402|3494||||50|3599|18384|3582||||40|1799|36772|7998||||30|225|293932|57742||||25|450|146969|29204||||20|150|441052|97321||||15|150|440835|89558||||10|75|882352|199528||||5|14|4851510|1135027||||2|9|7057018|1835038||||
1503|2022 TAXES PAID|50000|3|12|2|false|false|20211206|4.65||||50000|1479500|12|3||||1000|35867|495|131||||200|6705|2648|749||||100|707|25099|6895||||40|150|118536|32569||||20|150|118360|32989||||10|50|355080|100360||||5|75|236720|68082||||4|14|1301960|382727||||2|11|1657594|524251||||
1502|PERFECT 10s|5000|5|32|1|false|false|20211206|4.89||||5000|556228|32|5||||150|24184|736|134||||100|2765|6437|1219||||50|1659|10727|2134||||30|1116|15945|3125||||20|250|71175|14033||||10|136|130551|26786||||5|125|142332|30395||||4|43|415443|90511||||2|14|1245909|288193||||1|11|1601991|397589||||
1501|GOLD RUSH LIMITED|5000000|11|32|20|false|false|20210920|2.65||||5000000|2362500|32|11||||1000000|756000|100|40||||100000|630000|120|46||||10000|40000|1890|693||||1000|2400|31500|11704||||500|1600|47250|16582||||200|1500|50400|17855||||100|63|1197000|427073||||50|30|2520000|908838||||40|21|3528000|1258225||||30|21|3528000|1270127||||20|4|17640000|6378247||||
1499|CROSSWORD CASH|500000|5|25|5|false|true|20210816|4.0||||500000|1721367|25|5||||10000|239079|180|41||||1000|7982|5387|1151||||500|5986|7185|1499||||200|1201|35808|7398||||100|334|128826|27008||||60|1714|25070|5215||||50|615|69878|14771||||40|799|53808|11151||||30|113|381659|79485||||20|60|716470|151849||||15|60|716470|153875||||10|10|4298898|953030||||5|10|4298670|1140175||||
1498|MONEY MONEY MONEY|50000|1|16|2|false|false|20210920|4.37||||50000|1130606|16|1||||10000|565303|32|5||||1000|36035|502|81||||400|8533|2120|325||||100|902|20060|3226||||40|899|20118|3297||||30|409|44234|7193||||25|240|75303|12213||||20|150|120598|19991||||10|50|361909|61716||||5|75|241028|42225||||4|12|1447118|262146||||2|10|1809012|367096||||
1497|TRIPLE CROSSWORD|150000|12|30|3|false|true|20210816|4.092||||150000|1918725|30|12||||3000|45360|1271|519||||1000|35999|1601|668||||600|9053|6415|2701||||300|7262|8000|3272||||200|7159|8083|3268||||150|2773|20867|8444||||100|2404|24135|9861||||90|1998|29013|11893||||60|1803|32130|13173||||50|1792|32325|13242||||30|654|88609|36386||||20|100|579594|238113||||12|50|1159188|486706||||10|33|1738782|720988||||9|29|1970609|875793||||4|22|2665852|1131444||||3|10|5796384|2632549||||
1496|HOT DICE|5000|10|36|1|false|false|20210920|4.89||||5000|487508|36|10||||200|15768|1113|244||||100|3003|5845|1303||||50|1717|10219|2338||||25|1067|16445|3819||||20|250|70288|16452||||10|136|128607|30671||||5|125|140387|34592||||4|43|409468|102226||||2|14|1228427|325454||||1|11|1579479|435561||||
1491|$1,000 A WK FOR LIFE|1000|1|8|2|true|false|20210705|4.43||||1000|4839650|8|1||||10000|604706|64|9||||1000|73998|523|45||||200|13871|2790|224||||100|1288|30037|2621||||40|679|57036|5337||||30|309|125093|11503||||20|150|258008|26343||||10|50|774048|83921||||5|75|515969|53096||||4|12|3096135|342683||||2|10|3870062|535498||||
1490|$500 A WK FOR LIFE|500|1|4|1|true|false|20210705|4.97||||500|5923200|4|1||||1000|455631|52|4||||100|5547|4271|400||||40|904|26204|2476||||20|300|79004|8058||||10|150|157914|17229||||5|100|236928|25387||||4|60|394877|46079||||2|14|1658453|233777||||1|11|2211302|312508||||
1489|5X BINGO|100000|1|12|3|false|true|20210517|3.978||||100000|2810275|12|1||||25000|1405138|24|2||||10000|936758|36|4||||5000|90290|374|82||||1000|60113|561|45||||500|15079|2226|271||||300|30464|1113|126||||250|17815|1875|170||||200|18000|1861|136||||150|18189|1843|152||||100|857|39234|2989||||75|1501|22348|1796||||50|600|56082|6178||||40|281|119523|11373||||30|250|134487|10123||||25|167|201680|20401||||15|71|470642|46216||||10|100|336085|40401||||8|33|1008489|79413||||5|17|2017053|232370||||3|8|4033824|480332||||
1487|PAYOUT TRIPLER|50000|1|10|2|false|false|20210405|4.73||||50000|1608495|10|1||||10000|804248|20|1||||1000|22528|714|86||||400|8971|1793|236||||200|3592|4478|583||||100|1126|14289|1839||||30|215|74966|9933||||20|125|128656|17276||||15|94|171560|22887||||10|58|278817|38348||||6|75|214471|31054||||5|62|257462|36268||||3|25|643382|98811||||2|10|1608521|262718||||
1485|BILLION DOLLAR GOLD RUSH SUPREME|15000000|0|4|30|false|false|20210222|2.598||||15000000|11553592|4|0||||1000000|1925599|24|4||||100000|2310718|20|3||||20000|59478|777|92||||10000|59555|776|102||||5000|19929|2319|274||||1000|821|56273|7132||||500|368|125615|13773||||200|120|385024|43273||||100|26|1810302|208005||||50|15|3081057|361821||||40|10|4621437|556217||||30|6|7702204|952038||||
1479|$2 GOLD RUSH SUPREME|100000|2|36|2|false|true|20210118|4.69||||100000|1823533|36|2||||1000|25623|2562|148||||400|29826|2201|86||||100|796|82427|4601||||50|189|346618|18119||||20|150|437648|28901||||10|50|1312944|94504||||5|75|875296|61659||||4|14|4814128|384962||||2|11|6127140|715675||||
1476|LOTERIA&#153|30000|6|16|2|false|true|20201207|4.63||||30000|3546881|16|6||||10000|2026789|28|3||||400|88396|635|45||||340|89511|630|8||||300|59486|941|25||||250|59238|952|21||||225|59238|951|22||||200|7227|7861|502||||150|22700|2513|44||||125|7204|7870|165||||100|891|63664|3905||||70|3595|15754|322||||50|3604|15736|416||||40|1804|31492|1712||||30|225|252107|5963||||25|450|126079|3277||||20|150|378128|20699||||15|150|377973|10863||||10|75|756420|42330||||5|14|4159680|255280||||2|9|6050194|534116||||
1472|NATIONAL LAMPOON XMAS|50000|4|8|2|false|false|20201026|4.41||||50000|2725875|8|4||||10000|778821|28|12||||1000|36467|598|192||||400|9049|2410|787||||200|3599|6059|2027||||100|819|26622|8730||||30|194|112540|37671||||20|150|145380|49013||||15|150|145380|49147||||10|75|290760|99913||||5|75|290760|101335||||4|12|1744589|619842||||2|10|2180719|806034||||
1468|50X THE CASH|1000000|0|15|5|false|true|20200921|3.97||||1000000|3811410|15|0||||10000|117274|482|22||||2000|24077|2379|77||||1000|12119|4731|140||||400|4831|11860|308||||150|3169|18065|393||||100|235|242896|6877||||50|250|228757|6002||||40|209|274093|7205||||25|119|481431|13978||||20|60|952801|28554||||10|10|5526022|233980||||5|9|6669738|500300||||
1467|20X THE CASH|100000|2|20|2|false|false|20200921|4.68||||100000|2486992|20|2||||1000|25429|1956|96||||400|30311|1641|79||||100|671|74079|3507||||50|186|267472|12402||||20|150|331599|15955||||10|50|994797|59912||||5|75|663179|39890||||4|14|3647557|269900||||2|11|4642449|576218||||
1466|10X THE CASH|10000|22|80|1|false|false|20200921|4.88||||10000|528484|80|22||||200|13283|3183|579||||100|3695|11443|2132||||40|1313|32210|5713||||30|1500|28192|5041||||20|300|140929|28559||||10|100|422787|82062||||5|150|281858|54717||||4|50|845454|160318||||2|14|2959460|695018||||1|11|3945808|929273||||
1459|$1 MONOPOLY BONUS SPECTACULAR|10000|11|50|1|false|false|20200706|4.88||||10000|530910|50|11||||200|48977|542|91||||100|2408|11026|1739||||50|4790|5542|935||||25|959|27690|4526||||20|300|88485|14713||||10|100|265455|46069||||5|150|176970|31467||||4|43|619395|115250||||2|14|1858296|386901||||1|11|2389206|587641||||
1457|$5,000,000 CASHWORD|5000000|1|8|20|false|false|20200518|2.91||||5000000|4027792|8|1||||1000000|1342598|24|4||||100000|1342598|24|3||||1000|2733|11789|1669||||500|4000|8056|1046||||250|1503|21443|2746||||200|461|69836|8979||||150|400|80545|10332||||100|26|1217324|157748||||50|30|1074078|143930||||40|30|1074078|142413||||30|15|2148156|290868||||20|6|5370698|810459||||
1454|$500 MADNESS|500|192146|890263|10|false|true|20200406|4.13||||500|136|890263|192146||||150|1712|70490|15187||||100|343|352512|76442||||50|480|251685|55030||||30|240|503364|109974||||25|120|1006264|220005||||20|20|6039345|1318042||||15|15|8052307|1785625||||10|10|12078802|2722827||||
1361|MONEY ROLL|20000|3|30|2|false|false|20170916|4.5||||20000|807660|30|3||||1000|30025|807|61||||200|3744|6471|401||||100|900|26907|1772||||50|349|69347|4655||||25|225|107755|7151||||20|150|161532|11064||||10|50|484596|34340||||5|50|484596|34823||||4|14|1776852|134975||||2|11|2261448|218542||||
1297|$50,000 FLAMINGO MULTIPLIER|50000|10|40|2|false|true|20160112|4.68||||50000|1304925|40|10||||1000|25421|1927|440||||400|30825|1639|358||||100|680|72709|16440||||50|187|262843|58676||||20|150|328021|73110||||10|50|984063|224774||||5|75|656042|149131||||4|14|3608231|846822||||2|11|4592294|1153122||||
